#line
        -5.7  8.6113E+02
       -5.65  9.7605E+02
        -5.6  4.0790E+03
       -5.55  8.2398E+03
        -5.5  1.2285E+04
       -5.45  1.4215E+04
        -5.4  1.3846E+04
       -5.35  1.1678E+04
        -5.3  2.9804E+05
       -5.25  3.6996E+05
        -5.2  1.9542E+05
       -5.15  2.3129E+05
        -5.1  9.0036E+05
       -5.05  1.8595E+06
          -5  3.1066E+06
       -4.95  3.6065E+06
        -4.9  4.0718E+06
       -4.85  4.4923E+06
        -4.8  4.8975E+06
       -4.75  5.2782E+06
        -4.7  5.5133E+06
       -4.65  5.6464E+06
        -4.6  5.7433E+06
       -4.55  5.8468E+06
        -4.5  5.9261E+06
       -4.45  5.9666E+06
        -4.4  5.9680E+06
 -4.3500E+00  5.9301E+06
 -4.3000E+00  5.8528E+06
 -4.2500E+00  5.8284E+06
 -4.2000E+00  5.8280E+06
 -4.1500E+00  5.8279E+06
 -4.1000E+00  5.8279E+06
 -4.0500E+00  5.8281E+06
 -4.0000E+00  5.8286E+06
 -3.9500E+00  5.8293E+06
 -3.9000E+00  5.8303E+06
 -3.8500E+00  5.8317E+06
 -3.8000E+00  5.8332E+06
 -3.7500E+00  5.8336E+06
 -3.7000E+00  5.8333E+06
 -3.6500E+00  5.8331E+06
 -3.6000E+00  5.8328E+06
 -3.5500E+00  5.8326E+06
 -3.5000E+00  5.8324E+06
 -3.4500E+00  5.8323E+06
 -3.4000E+00  5.8321E+06
 -3.3500E+00  5.8320E+06
 -3.3000E+00  5.8319E+06
 -3.2500E+00  5.8318E+06
 -3.2000E+00  5.8318E+06
 -3.1500E+00  5.8318E+06
 -3.1000E+00  5.8317E+06
 -3.0500E+00  5.8317E+06
 -3.0000E+00  5.8318E+06
 -2.9500E+00  5.8318E+06
 -2.9000E+00  5.8318E+06
 -2.8500E+00  5.8319E+06
 -2.8000E+00  5.8319E+06
 -2.7500E+00  5.8320E+06
 -2.7000E+00  5.8321E+06
 -2.6500E+00  5.8321E+06
 -2.6000E+00  5.8322E+06
 -2.5500E+00  5.8323E+06
 -2.5000E+00  5.8325E+06
 -2.4500E+00  5.8326E+06
 -2.4000E+00  5.8327E+06
 -2.3500E+00  5.8329E+06
 -2.3000E+00  5.8330E+06
 -2.2500E+00  5.8332E+06
 -2.2000E+00  5.8334E+06
 -2.1500E+00  5.8335E+06
 -2.1000E+00  5.8337E+06
 -2.0500E+00  5.8338E+06
 -2.0000E+00  5.8340E+06
 -1.9500E+00  5.8341E+06
 -1.9000E+00  5.8343E+06
 -1.8500E+00  5.8343E+06
 -1.8000E+00  5.8342E+06
 -1.7500E+00  5.8340E+06
 -1.7000E+00  5.8338E+06
 -1.6500E+00  5.8337E+06
 -1.6000E+00  5.8335E+06
 -1.5500E+00  5.8334E+06
 -1.5000E+00  5.8333E+06
 -1.4500E+00  5.8331E+06
 -1.4000E+00  5.8331E+06
 -1.3500E+00  5.8330E+06
 -1.3000E+00  5.8329E+06
 -1.2500E+00  5.8329E+06
 -1.2000E+00  5.8328E+06
 -1.1500E+00  5.8328E+06
 -1.1000E+00  5.8328E+06
 -1.0500E+00  5.8328E+06
 -1.0000E+00  5.8328E+06
 -9.5000E-01  5.8329E+06
 -9.0000E-01  5.8329E+06
 -8.5000E-01  5.8330E+06
 -8.0000E-01  5.8331E+06
 -7.5000E-01  5.8332E+06
 -7.0000E-01  5.8333E+06
 -6.5000E-01  5.8334E+06
 -6.0000E-01  5.8336E+06
 -5.5000E-01  5.8337E+06
 -5.0000E-01  5.8339E+06
 -4.5000E-01  5.8341E+06
 -4.0000E-01  5.8342E+06
 -3.5000E-01  5.8341E+06
 -3.0000E-01  5.8341E+06
 -2.5000E-01  5.8340E+06
 -2.0000E-01  5.8340E+06
 -1.5000E-01  5.8340E+06
 -1.0000E-01  5.8339E+06
 -5.0000E-02  5.8339E+06
 -1.2060E-14  5.8339E+06
  5.0000E-02  5.8338E+06
  1.0000E-01  5.8338E+06
  1.5000E-01  5.8338E+06
  2.0000E-01  5.8338E+06
  2.5000E-01  5.8337E+06
  3.0000E-01  5.8337E+06
  3.5000E-01  5.8337E+06
  4.0000E-01  5.8337E+06
  4.5000E-01  5.8337E+06
  5.0000E-01  5.8337E+06
  5.5000E-01  5.8337E+06
  6.0000E-01  5.8336E+06
  6.5000E-01  5.8336E+06
  7.0000E-01  5.8336E+06
  7.5000E-01  5.8336E+06
  8.0000E-01  5.8336E+06
  8.5000E-01  5.8336E+06
  9.0000E-01  5.8336E+06
  9.5000E-01  5.8336E+06
  1.0000E+00  5.8336E+06
  1.0500E+00  5.8337E+06
  1.1000E+00  5.8337E+06
  1.1500E+00  5.8337E+06
  1.2000E+00  5.8337E+06
  1.2500E+00  5.8337E+06
  1.3000E+00  5.8337E+06
  1.3500E+00  5.8337E+06
  1.4000E+00  5.8337E+06
  1.4500E+00  5.8335E+06
  1.5000E+00  5.8333E+06
  1.5500E+00  5.8331E+06
  1.6000E+00  5.8329E+06
  1.6500E+00  5.8328E+06
  1.7000E+00  5.8326E+06
  1.7500E+00  5.8325E+06
  1.8000E+00  5.8324E+06
  1.8500E+00  5.8322E+06
  1.9000E+00  5.8322E+06
  1.9500E+00  5.8321E+06
  2.0000E+00  5.8320E+06
  2.0500E+00  5.8319E+06
  2.1000E+00  5.8318E+06
  2.1500E+00  5.8318E+06
  2.2000E+00  5.8317E+06
  2.2500E+00  5.8316E+06
  2.3000E+00  5.8315E+06
  2.3500E+00  5.8315E+06
  2.4000E+00  5.8314E+06
  2.4500E+00  5.8313E+06
  2.5000E+00  5.8313E+06
  2.5500E+00  5.8312E+06
  2.6000E+00  5.8311E+06
  2.6500E+00  5.8311E+06
  2.7000E+00  5.8310E+06
  2.7500E+00  5.8310E+06
  2.8000E+00  5.8309E+06
  2.8500E+00  5.8309E+06
  2.9000E+00  5.8309E+06
  2.9500E+00  5.8308E+06
  3.0000E+00  5.8308E+06
  3.0500E+00  5.8307E+06
  3.1000E+00  5.8307E+06
  3.1500E+00  5.8310E+06
  3.2000E+00  5.8313E+06
  3.2500E+00  5.8316E+06
  3.3000E+00  5.8319E+06
  3.3500E+00  5.8321E+06
  3.4000E+00  5.8322E+06
  3.4500E+00  5.8322E+06
  3.5000E+00  5.8322E+06
  3.5500E+00  5.8321E+06
  3.6000E+00  5.8320E+06
  3.6500E+00  5.8317E+06
  3.7000E+00  5.8315E+06
  3.7500E+00  5.8311E+06
  3.8000E+00  5.8307E+06
  3.8500E+00  5.8302E+06
  3.9000E+00  5.8297E+06
  3.9500E+00  5.8291E+06
  4.0000E+00  5.8284E+06
  4.0500E+00  5.8278E+06
  4.1000E+00  5.8274E+06
  4.1500E+00  5.8270E+06
  4.2000E+00  5.8265E+06
  4.2500E+00  5.8261E+06
  4.3000E+00  5.8256E+06
  4.3500E+00  5.8251E+06
  4.4000E+00  5.8246E+06
  4.4500E+00  5.8240E+06
  4.5000E+00  5.8233E+06
  4.5500E+00  5.9809E+06
  4.6000E+00  6.0361E+06
  4.6500E+00  5.9534E+06
  4.7000E+00  5.7697E+06
  4.7500E+00  5.5523E+06
  4.8000E+00  5.2635E+06
  4.8500E+00  4.9032E+06
  4.9000E+00  4.4725E+06
  4.9500E+00  3.9694E+06
  5.0000E+00  3.3939E+06
  5.0500E+00  1.4099E+06
  5.1000E+00  3.0556E+05
  5.1500E+00  8.8589E+04
  5.2000E+00  2.6176E+05
  5.2500E+00  1.5975E+05
  5.3000E+00  6.0117E+04
  5.3500E+00  3.6947E+04
  5.4000E+00  2.2139E+04
  5.4500E+00  9.9281E+03
  5.5000E+00  2.9581E+03
  5.5500E+00  2.0138E+03
  5.6000E+00  1.0198E+03
  5.6500E+00  1.9325E+02
  5.7000E+00  1.1679E+02
